image: costmap.pgm
origin:
  orientation:
    w: 1.0
    x: 0.0
    y: 0.0
    z: 0.0
  position:
    x: -7.113833618164063
    y: -2.973135375976563
    z: 0.0
resolution: 0.05000000074505806
