image: map.pgm
origin:
  orientation:
    w: 1.0
    x: 0.0
    y: 0.0
    z: 0.0
  position:
    x: -6.0245637856579854
    y: -0.46148323225172483
    z: 0.0
resolution: 0.05000000074505806
