image: map2.pgm
origin:
  orientation:
    w: 1.0
    x: 0.0
    y: 0.0
    z: 0.0
  position:
    x: -5.5932964324951175
    y: -4.1000000000000005
    z: 0.0
resolution: 0.05000000074505806
