image: map2.pgm
origin:
  orientation:
    w: 1.0
    x: 0.0
    y: 0.0
    z: 0.0
  position:
    x: -10.86742172241211
    y: -6.229274749755859
    z: 0.0
resolution: 0.05000000074505806
