image: map2.pgm
origin:
  orientation:
    w: 1.0
    x: 0.0
    y: 0.0
    z: 0.0
  position:
    x: -5.599996185302735
    y: -4.143601989746094
    z: 0.0
resolution: 0.05000000074505806
