image: map2.pgm
origin:
  orientation:
    w: 1.0
    x: 0.0
    y: 0.0
    z: 0.0
  position:
    x: -4.9499961853027346
    y: -4.107544326782227
    z: 0.0
resolution: 0.05000000074505806
