image: map2.pgm
origin:
  orientation:
    w: 1.0
    x: 0.0
    y: 0.0
    z: 0.0
  position:
    x: -2.8999959945678713
    y: -4.049995803833008
    z: 0.0
resolution: 0.05000000074505806
