image: map2.pgm
origin:
  orientation:
    w: 1.0
    x: 0.0
    y: 0.0
    z: 0.0
  position:
    x: -2.9000000000000004
    y: -4.05
    z: 0.0
resolution: 0.05000000074505806
