image: map2.pgm
origin:
  orientation:
    w: 1.0
    x: 0.0
    y: 0.0
    z: 0.0
  position:
    x: -9.186677551269531
    y: -4.617288970947266
    z: 0.0
resolution: 0.05000000074505806
