image: map2.pgm
origin:
  orientation:
    w: 1.0
    x: 0.0
    y: 0.0
    z: 0.0
  position:
    x: -8.285758972167969
    y: -7.251364135742188
    z: 0.0
resolution: 0.05000000074505806
